barrios bucaramanga
(7501003,7501004,7501006,7501044,7501046,7501048,7501049,7501050,7501051,7501052,7501055,7501056,7501058,7501076,7501077,7501088,7501092,7501093,7501094,7501095,7501096,7501098,7501101,7501124,7501126,7501131,7501132,7501133,7501135,7501141,7501148,7501151,7501152,7501205,7501154,7501155,7501203,7501156,7501157,7501159,7501160,7501163,7501164,7501165,7501166,7501167,7501168,7501169,7501171,7501172,7501173,7501174,7501175,7501186,7501187,7501188,7501189,7501204)


zonas floridablanca
(7500301,7500302,7500303,7500304,7500305,7500306,7500307,7500308,7500309)
barrios floridablanca
(7503001,7503002,7503003,7503004,7503005,7503006,7503007,7503008,7503009,7503010,7503011,7503012,7503013,7503014,7503015,7503016,7503017,7503018,7503019,7503020,7503021,7503022,7503023,7503024,7503025,7503026,7503027,7503028,7503029,7503030,7503031,7503032,7503033,7503034,7503035,7503036,7503037)

barrios Girón
(7504033,7504038,7504039,7504040,7504049,7504079,7504083,7504087)

